0,6.123233995736766e-17
1,3.469446951953614e-17
2,1.3877787807814457e-17
3,-6.938893903907228e-18
4,-2.7755575615628914e-17
5,-6.938893903907228e-17
6,-8.326672684688674e-17
7,1.1102230246251565e-16
8,8.326672684688674e-17
9,5.551115123125783e-17
10,2.7755575615628914e-17
11,0.0
12,0.0
13,-2.7755575615628914e-17
14,-5.551115123125783e-17
15,-1.1102230246251565e-16
16,1.1102230246251565e-16
17,1.1102230246251565e-16
18,5.551115123125783e-17
19,5.551115123125783e-17
20,0.0
21,0.0
22,-5.551115123125783e-17
23,-5.551115123125783e-17
24,-5.551115123125783e-17
25,1.1102230246251565e-16
26,-1.1102230246251565e-16
27,0.0
28,-1.1102230246251565e-16
29,5.551115123125783e-17
30,1.6653345369377348e-16
31,-1.1102230246251565e-16
32,1.1102230246251565e-16
33,0.0
34,2.220446049250313e-16
35,-1.1102230246251565e-16
36,1.1102230246251565e-16
37,-1.1102230246251565e-16
38,0.0
39,1.1102230246251565e-16
40,-1.1102230246251565e-16
41,1.1102230246251565e-16
42,0.0
43,1.1102230246251565e-16
44,-1.1102230246251565e-16
45,1.1102230246251565e-16
46,-1.1102230246251565e-16
47,0.0
48,1.1102230246251565e-16
49,0.0
50,1.1102230246251565e-16
51,0.0
52,1.1102230246251565e-16
53,-1.1102230246251565e-16
54,1.1102230246251565e-16
55,-1.1102230246251565e-16
56,1.1102230246251565e-16
57,1.1102230246251565e-16
58,1.1102230246251565e-16
59,1.1102230246251565e-16
60,-1.1102230246251565e-16
61,0.0
62,-1.1102230246251565e-16
63,0.0
64,0.0
65,0.0
66,1.1102230246251565e-16
67,0.0
68,1.1102230246251565e-16
69,0.0
70,0.0
71,-1.1102230246251565e-16
72,0.0
73,-1.1102230246251565e-16
74,0.0
75,1.1102230246251565e-16
76,0.0
77,1.1102230246251565e-16
78,-1.1102230246251565e-16
79,0.0
80,0.0
81,1.1102230246251565e-16
82,0.0
83,0.0
84,0.0
85,0.0
86,0.0
87,0.0
88,0.0
89,0.0
90,0.0
91,0.0
92,0.0
93,0.0
94,0.0
95,0.0
96,0.0
97,0.0
98,1.1102230246251565e-16
99,0.0
100,0.0
101,0.0
102,1.1102230246251565e-16
103,0.0
104,0.0
105,0.0
106,0.0
107,1.1102230246251565e-16
108,0.0
109,1.1102230246251565e-16
110,0.0
111,0.0
112,0.0
113,-1.1102230246251565e-16
114,0.0
115,0.0
116,0.0
117,0.0
118,0.0
119,0.0
120,1.1102230246251565e-16
121,0.0
122,0.0
123,0.0
124,0.0
125,-1.1102230246251565e-16
126,0.0
127,-1.1102230246251565e-16
128,0.0
129,2.220446049250313e-16
130,0.0
131,0.0
132,0.0
133,0.0
134,0.0
135,-1.1102230246251565e-16
136,-1.1102230246251565e-16
137,-1.1102230246251565e-16
138,2.220446049250313e-16
139,0.0
140,0.0
141,-4.440892098500626e-16
142,3.3306690738754696e-16
143,-1.1102230246251565e-16
144,0.0
145,-4.440892098500626e-16
146,3.3306690738754696e-16
147,3.3306690738754696e-16
148,-1.1102230246251565e-16
149,0.0
150,-4.996003610813204e-16
151,3.3306690738754696e-16
152,-5.551115123125783e-17
153,-5.551115123125783e-17
154,-4.440892098500626e-16
155,3.3306690738754696e-16
156,3.3306690738754696e-16
157,-5.551115123125783e-17
158,-5.551115123125783e-17
159,-4.996003610813204e-16
160,3.3306690738754696e-16
161,-5.551115123125783e-17
162,-5.551115123125783e-17
163,-4.996003610813204e-16
164,3.3306690738754696e-16
165,3.885780586188048e-16
166,-5.551115123125783e-17
167,-5.551115123125783e-17
168,-4.718447854656915e-16
169,3.608224830031759e-16
170,-5.551115123125783e-17
171,-5.551115123125783e-17
172,-4.996003610813204e-16
173,3.7470027081099033e-16
174,3.7470027081099033e-16
175,-5.551115123125783e-17
176,-5.551115123125783e-17
177,-4.996003610813204e-16
178,3.8163916471489756e-16
179,-5.898059818321144e-17
180,-6.123233995736765e-17
181,-5.065392549852277e-16
182,3.8163916471489756e-16
183,3.8163916471489756e-16
184,-5.551115123125783e-17
185,-5.551115123125783e-17
186,-5.134781488891349e-16
187,3.7470027081099033e-16
188,-5.551115123125783e-17
189,-5.551115123125783e-17
190,-4.996003610813204e-16
191,3.885780586188048e-16
192,-8.326672684688674e-17
193,-5.551115123125783e-17
194,-8.326672684688674e-17
195,-4.996003610813204e-16
196,3.885780586188048e-16
197,-5.551115123125783e-17
198,-5.551115123125783e-17
199,-4.440892098500626e-16
200,3.3306690738754696e-16
201,-5.551115123125783e-17
202,-5.551115123125783e-17
203,-5.551115123125783e-17
204,-4.440892098500626e-16
205,3.3306690738754696e-16
206,-5.551115123125783e-17
207,0.0
208,-4.440892098500626e-16
209,3.3306690738754696e-16
210,0.0
211,0.0
212,-1.1102230246251565e-16
213,-4.440892098500626e-16
214,3.3306690738754696e-16
215,-1.1102230246251565e-16
216,-1.1102230246251565e-16
217,-4.440892098500626e-16
218,3.3306690738754696e-16
219,-1.1102230246251565e-16
220,0.0
221,0.0
222,-4.440892098500626e-16
223,2.220446049250313e-16
224,0.0
225,-1.1102230246251565e-16
226,-3.3306690738754696e-16
227,2.220446049250313e-16
228,-1.1102230246251565e-16
229,-1.1102230246251565e-16
230,-1.1102230246251565e-16
231,0.0
232,-1.1102230246251565e-16
233,0.0
234,0.0
235,0.0
236,0.0
237,-1.1102230246251565e-16
238,-1.1102230246251565e-16
239,0.0
240,-1.1102230246251565e-16
241,0.0
242,0.0
243,0.0
244,0.0
245,-1.1102230246251565e-16
246,0.0
247,0.0
248,0.0
249,-1.1102230246251565e-16
250,0.0
251,0.0
252,0.0
253,0.0
254,-1.1102230246251565e-16
255,0.0
256,0.0
257,0.0
258,0.0
259,0.0
260,0.0
261,0.0
262,0.0
263,0.0
264,-1.1102230246251565e-16
265,0.0
266,0.0
267,0.0
268,0.0
269,0.0
270,0.0
271,0.0
272,0.0
273,0.0
274,0.0
275,0.0
276,0.0
277,0.0
278,0.0
279,0.0
280,0.0
281,0.0
282,0.0
283,0.0
284,0.0
285,0.0
286,0.0
287,1.1102230246251565e-16
288,0.0
289,0.0
290,0.0
291,0.0
292,0.0
293,0.0
294,-3.3306690738754696e-16
295,1.1102230246251565e-16
296,0.0
297,0.0
298,1.1102230246251565e-16
299,0.0
300,0.0
301,0.0
302,1.1102230246251565e-16
303,-4.440892098500626e-16
304,0.0
305,0.0
306,0.0
307,1.1102230246251565e-16
308,0.0
309,1.1102230246251565e-16
310,0.0
311,0.0
312,-5.551115123125783e-16
313,1.1102230246251565e-16
314,1.1102230246251565e-16
315,0.0
316,0.0
317,1.1102230246251565e-16
318,1.1102230246251565e-16
319,0.0
320,0.0
321,-6.661338147750939e-16
322,0.0
323,1.1102230246251565e-16
324,0.0
325,0.0
326,1.1102230246251565e-16
327,1.1102230246251565e-16
328,1.1102230246251565e-16
329,0.0
330,-7.216449660063518e-16
331,5.551115123125783e-17
332,5.551115123125783e-17
333,5.551115123125783e-17
334,5.551115123125783e-17
335,5.551115123125783e-17
336,5.551115123125783e-17
337,5.551115123125783e-17
338,5.551115123125783e-17
339,-7.771561172376096e-16
340,5.551115123125783e-17
341,5.551115123125783e-17
342,5.551115123125783e-17
343,5.551115123125783e-17
344,5.551115123125783e-17
345,5.551115123125783e-17
346,5.551115123125783e-17
347,5.551115123125783e-17
348,-8.326672684688674e-16
349,5.551115123125783e-17
350,5.551115123125783e-17
351,8.326672684688674e-17
352,5.551115123125783e-17
353,6.938893903907228e-17
354,5.551115123125783e-17
355,5.551115123125783e-17
356,6.938893903907228e-17
357,-8.257283745649602e-16
358,5.551115123125783e-17
359,5.898059818321144e-17
360,6.123233995736767e-17
361,6.245004513516506e-17
362,6.245004513516506e-17
363,6.245004513516506e-17
364,5.551115123125783e-17
365,6.938893903907228e-17
366,-8.187894806610529e-16
367,6.938893903907228e-17
368,5.551115123125783e-17
369,-8.049116928532385e-16
370,5.551115123125783e-17
371,5.551115123125783e-17
372,9.159339953157541e-16
373,5.551115123125783e-17
374,-8.049116928532385e-16
375,5.551115123125783e-17
376,5.551115123125783e-17
377,8.881784197001252e-16
378,5.551115123125783e-17
379,-7.771561172376096e-16
380,8.881784197001252e-16
381,5.551115123125783e-17
382,-7.216449660063518e-16
383,5.551115123125783e-17
384,5.551115123125783e-17
385,8.326672684688674e-16
386,5.551115123125783e-17
387,-7.771561172376096e-16
388,5.551115123125783e-17
389,5.551115123125783e-17
390,7.771561172376096e-16
391,0.0
392,-6.661338147750939e-16
393,7.771561172376096e-16
394,0.0
395,7.771561172376096e-16
396,0.0
397,-6.661338147750939e-16
398,6.661338147750939e-16
399,1.1102230246251565e-16
400,-5.551115123125783e-16
401,1.1102230246251565e-16
402,0.0
403,6.661338147750939e-16
404,1.1102230246251565e-16
405,-5.551115123125783e-16
406,1.1102230246251565e-16
407,0.0
408,6.661338147750939e-16
409,1.1102230246251565e-16
410,-5.551115123125783e-16
411,6.661338147750939e-16
412,0.0
413,5.551115123125783e-16
414,0.0
415,-5.551115123125783e-16
416,5.551115123125783e-16
417,0.0
418,-4.440892098500626e-16
419,1.1102230246251565e-16
420,0.0
421,4.440892098500626e-16
422,0.0
423,-3.3306690738754696e-16
424,1.1102230246251565e-16
425,0.0
426,3.3306690738754696e-16
427,0.0
428,-3.3306690738754696e-16
429,3.3306690738754696e-16
430,0.0
431,-3.3306690738754696e-16
432,1.1102230246251565e-16
433,-2.220446049250313e-16
434,2.220446049250313e-16
435,0.0
436,-1.1102230246251565e-16
437,0.0
438,0.0
439,2.220446049250313e-16
440,0.0
441,-1.1102230246251565e-16
442,0.0
443,0.0
444,0.0
445,0.0
446,-1.1102230246251565e-16
447,1.1102230246251565e-16
448,0.0
449,0.0
450,0.0
451,0.0
452,0.0
453,0.0
454,1.1102230246251565e-16
455,0.0
456,0.0
457,-1.1102230246251565e-16
458,0.0
459,0.0
460,0.0
461,0.0
462,0.0
463,0.0
464,0.0
465,0.0
466,-1.1102230246251565e-16
467,4.440892098500626e-16
468,0.0
469,0.0
470,0.0
471,0.0
472,0.0
473,0.0
474,-1.1102230246251565e-16
475,-1.1102230246251565e-16
476,0.0
477,-1.1102230246251565e-16
478,0.0
479,0.0
480,0.0
481,0.0
482,0.0
483,0.0
484,-1.1102230246251565e-16
485,9.992007221626409e-16
486,-1.1102230246251565e-16
487,0.0
488,-1.1102230246251565e-16
489,0.0
490,-1.1102230246251565e-16
491,0.0
492,0.0
493,-1.1102230246251565e-16
494,-1.1102230246251565e-16
495,0.0
496,0.0
497,0.0
498,0.0
499,0.0
500,0.0
501,0.0
502,0.0
503,1.4432899320127035e-15
504,-1.1102230246251565e-16
505,0.0
506,0.0
507,-1.1102230246251565e-16
508,0.0
509,0.0
510,-5.551115123125783e-17
511,-5.551115123125783e-17
512,-5.551115123125783e-17
513,-5.551115123125783e-17
514,-5.551115123125783e-17
515,-5.551115123125783e-17
516,-1.1102230246251565e-16
517,-5.551115123125783e-17
518,-5.551115123125783e-17
519,-5.551115123125783e-17
520,-5.551115123125783e-17
521,-5.551115123125783e-17
522,-5.551115123125783e-17
523,-1.1102230246251565e-16
524,-5.551115123125783e-17
525,-1.1102230246251565e-16
526,-5.551115123125783e-17
527,-5.551115123125783e-17
528,-5.551115123125783e-17
529,-8.326672684688674e-17
530,-8.326672684688674e-17
531,-5.551115123125783e-17
532,-5.551115123125783e-17
533,-5.551115123125783e-17
534,-5.551115123125783e-17
535,-5.551115123125783e-17
536,-6.938893903907228e-17
537,-6.245004513516506e-17
538,-6.245004513516506e-17
539,-6.245004513516506e-17
540,-6.123233995736767e-17
541,-5.898059818321144e-17
542,-5.551115123125783e-17
543,-6.245004513516506e-17
544,-5.551115123125783e-17
545,-6.938893903907228e-17
546,-6.938893903907228e-17
547,-5.551115123125783e-17
548,-5.551115123125783e-17
549,-5.551115123125783e-17
550,-5.551115123125783e-17
551,-5.551115123125783e-17
552,-5.551115123125783e-17
553,-5.551115123125783e-17
554,-5.551115123125783e-17
555,-5.551115123125783e-17
556,-5.551115123125783e-17
557,-5.551115123125783e-17
558,-5.551115123125783e-17
559,-5.551115123125783e-17
560,-5.551115123125783e-17
561,-5.551115123125783e-17
562,-5.551115123125783e-17
563,-5.551115123125783e-17
564,-5.551115123125783e-17
565,-5.551115123125783e-17
566,-5.551115123125783e-17
567,-5.551115123125783e-17
568,-5.551115123125783e-17
569,-5.551115123125783e-17
570,-5.551115123125783e-17
571,0.0
572,-1.1102230246251565e-16
573,-1.1102230246251565e-16
574,0.0
575,-1.1102230246251565e-16
576,0.0
577,0.0
578,0.0
579,-1.1102230246251565e-16
580,-1.1102230246251565e-16
581,-1.1102230246251565e-16
582,0.0
583,0.0
584,-1.1102230246251565e-16
585,-1.1102230246251565e-16
586,-1.1102230246251565e-16
587,0.0
588,-1.1102230246251565e-16
589,0.0
590,0.0
591,-1.1102230246251565e-16
592,-1.1102230246251565e-16
593,0.0
594,-1.1102230246251565e-16
595,0.0
596,-1.1102230246251565e-16
597,0.0
598,0.0
599,0.0
600,0.0
601,-1.1102230246251565e-16
602,-1.1102230246251565e-16
603,-1.1102230246251565e-16
604,0.0
605,-1.1102230246251565e-16
606,-1.1102230246251565e-16
607,0.0
608,0.0
609,0.0
610,-1.1102230246251565e-16
611,-1.1102230246251565e-16
612,0.0
613,0.0
614,0.0
615,-1.1102230246251565e-16
616,0.0
617,0.0
618,0.0
619,0.0
620,0.0
621,0.0
622,0.0
623,-1.1102230246251565e-16
624,0.0
625,0.0
626,0.0
627,0.0
628,0.0
629,0.0
630,0.0
631,0.0
632,0.0
633,0.0
634,0.0
635,0.0
636,0.0
637,1.1102230246251565e-16
638,0.0
639,0.0
640,0.0
641,0.0
642,1.1102230246251565e-16
643,0.0
644,0.0
645,1.1102230246251565e-16
646,0.0
647,0.0
648,0.0
649,0.0
650,0.0
651,0.0
652,0.0
653,1.1102230246251565e-16
654,0.0
655,0.0
656,0.0
657,0.0
658,1.1102230246251565e-16
659,1.1102230246251565e-16
660,0.0
661,0.0
662,0.0
663,0.0
664,0.0
665,0.0
666,1.1102230246251565e-16
667,0.0
668,1.1102230246251565e-16
669,0.0
670,0.0
671,0.0
672,0.0
673,1.1102230246251565e-16
674,0.0
675,0.0
676,1.1102230246251565e-16
677,0.0
678,-1.3322676295501878e-15
679,1.1102230246251565e-16
680,1.1102230246251565e-16
681,0.0
682,1.1102230246251565e-16
683,0.0
684,1.1102230246251565e-16
685,0.0
686,0.0
687,1.1102230246251565e-16
688,1.1102230246251565e-16
689,0.0
690,5.551115123125783e-17
691,5.551115123125783e-17
692,5.551115123125783e-17
693,5.551115123125783e-17
694,5.551115123125783e-17
695,5.551115123125783e-17
696,-1.609823385706477e-15
697,5.551115123125783e-17
698,5.551115123125783e-17
699,5.551115123125783e-17
700,5.551115123125783e-17
701,5.551115123125783e-17
702,5.551115123125783e-17
703,5.551115123125783e-17
704,5.551115123125783e-17
705,5.551115123125783e-17
706,5.551115123125783e-17
707,5.551115123125783e-17
708,5.551115123125783e-17
709,5.551115123125783e-17
710,5.551115123125783e-17
711,5.551115123125783e-17
712,5.551115123125783e-17
713,5.551115123125783e-17
714,-1.7069679003611782e-15
715,6.938893903907228e-17
716,6.938893903907228e-17
717,5.551115123125783e-17
718,6.245004513516506e-17
719,6.245004513516506e-17
720,6.123233995736767e-17
721,6.245004513516506e-17
722,6.245004513516506e-17
723,6.245004513516506e-17
724,5.551115123125783e-17
725,5.551115123125783e-17
726,5.551115123125783e-17
727,6.938893903907228e-17
728,8.326672684688674e-17
729,5.551115123125783e-17
730,5.551115123125783e-17
731,5.551115123125783e-17
732,-1.6930901125533637e-15
733,5.551115123125783e-17
734,5.551115123125783e-17
735,1.1102230246251565e-16
736,1.1102230246251565e-16
737,5.551115123125783e-17
738,5.551115123125783e-17
739,5.551115123125783e-17
740,5.551115123125783e-17
741,5.551115123125783e-17
742,5.551115123125783e-17
743,5.551115123125783e-17
744,5.551115123125783e-17
745,5.551115123125783e-17
746,5.551115123125783e-17
747,5.551115123125783e-17
748,5.551115123125783e-17
749,5.551115123125783e-17
750,-1.4988010832439613e-15
751,0.0
752,1.1102230246251565e-16
753,1.1102230246251565e-16
754,0.0
755,1.1102230246251565e-16
756,0.0
757,0.0
758,0.0
759,0.0
760,0.0
761,0.0
762,0.0
763,0.0
764,0.0
765,1.1102230246251565e-16
766,0.0
767,0.0
768,0.0
769,0.0
770,1.1102230246251565e-16
771,0.0
772,1.1102230246251565e-16
773,0.0
774,0.0
775,1.1102230246251565e-16
776,0.0
777,1.1102230246251565e-16
778,0.0
779,1.1102230246251565e-16
780,1.1102230246251565e-16
781,0.0
782,0.0
783,0.0
784,1.1102230246251565e-16
785,0.0
786,1.1102230246251565e-16
787,0.0
788,1.1102230246251565e-16
789,0.0
790,0.0
791,0.0
792,0.0
793,0.0
794,0.0
795,0.0
796,0.0
797,1.1102230246251565e-16
798,0.0
799,0.0
800,0.0
801,0.0
802,0.0
803,0.0
804,0.0
805,1.1102230246251565e-16
806,0.0
807,0.0
808,0.0
809,0.0
810,0.0
811,0.0
812,0.0
813,-1.1102230246251565e-16
814,0.0
815,0.0
816,0.0
817,0.0
818,0.0
819,0.0
820,0.0
821,0.0
822,0.0
823,0.0
824,-1.1102230246251565e-16
825,0.0
826,0.0
827,-5.551115123125783e-16
828,5.551115123125783e-16
829,0.0
830,0.0
831,6.661338147750939e-16
832,-1.1102230246251565e-16
833,0.0
834,-7.771561172376096e-16
835,6.661338147750939e-16
836,0.0
837,-8.881784197001252e-16
838,7.771561172376096e-16
839,0.0
840,-8.881784197001252e-16
841,8.881784197001252e-16
842,0.0
843,0.0
844,-1.1102230246251565e-15
845,-1.1102230246251565e-16
846,0.0
847,-1.1102230246251565e-15
848,1.1102230246251565e-15
849,-1.1102230246251565e-16
850,-1.1102230246251565e-15
851,1.1102230246251565e-15
852,0.0
853,0.0
854,1.2212453270876722e-15
855,0.0
856,-1.1102230246251565e-16
857,-1.3322676295501878e-15
858,0.0
859,-1.1102230246251565e-16
860,-1.4432899320127035e-15
861,1.3322676295501878e-15
862,-1.1102230246251565e-16
863,-1.4432899320127035e-15
864,1.3322676295501878e-15
865,0.0
866,0.0
867,1.4432899320127035e-15
868,-1.1102230246251565e-16
869,0.0
870,-1.5543122344752192e-15
871,1.5543122344752192e-15
872,-5.551115123125783e-17
873,-1.6653345369377348e-15
874,1.5543122344752192e-15
875,-5.551115123125783e-17
876,-1.7208456881689926e-15
877,1.5543122344752192e-15
878,-5.551115123125783e-17
879,-5.551115123125783e-17
880,-1.7208456881689926e-15
881,-5.551115123125783e-17
882,-5.551115123125783e-17
883,-1.7208456881689926e-15
884,1.6653345369377348e-15
885,-5.551115123125783e-17
886,-1.8041124150158794e-15
887,1.6653345369377348e-15
888,-5.551115123125783e-17
889,-5.551115123125783e-17
890,1.6930901125533637e-15
891,-5.551115123125783e-17
892,-5.551115123125783e-17
893,-1.817990202823694e-15
894,-5.551115123125783e-17
895,-6.938893903907228e-17
896,-1.8318679906315083e-15
897,1.7139067942650854e-15
898,-6.245004513516506e-17
899,-1.835337437583462e-15
900,1.7151244994428829e-15
901,-6.245004513516506e-17
902,-6.245004513516506e-17
903,1.7139067942650854e-15
904,-6.938893903907228e-17
905,-5.551115123125783e-17
906,-1.817990202823694e-15
907,1.7069679003611782e-15
908,-5.551115123125783e-17
909,-1.8318679906315083e-15
910,1.6930901125533637e-15
911,-5.551115123125783e-17
912,-1.8041124150158794e-15
913,1.6930901125533637e-15
914,-8.326672684688674e-17
915,-5.551115123125783e-17
916,-1.7208456881689926e-15
917,1.609823385706477e-15
918,-1.7208456881689926e-15
919,-1.7763568394002505e-15
920,1.609823385706477e-15
921,-1.6653345369377348e-15
922,-1.6653345369377348e-15
923,1.5543122344752192e-15
924,1.5543122344752192e-15
925,-1.6653345369377348e-15
926,1.5543122344752192e-15
927,1.5543122344752192e-15
928,-1.6653345369377348e-15
929,-1.609823385706477e-15
930,1.4988010832439613e-15
931,-1.5543122344752192e-15
932,-1.5543122344752192e-15
933,1.4432899320127035e-15
934,1.4432899320127035e-15
935,-1.5543122344752192e-15
936,1.4432899320127035e-15
937,1.3322676295501878e-15
938,-1.4432899320127035e-15
939,1.3322676295501878e-15
940,1.3322676295501878e-15
941,-1.3322676295501878e-15
942,-1.3322676295501878e-15
943,1.2212453270876722e-15
944,-1.3322676295501878e-15
945,-1.3322676295501878e-15
946,1.2212453270876722e-15
947,1.1102230246251565e-15
948,-1.2212453270876722e-15
949,1.1102230246251565e-15
950,1.1102230246251565e-15
951,-1.1102230246251565e-15
952,1.1102230246251565e-15
953,9.992007221626409e-16
954,-1.1102230246251565e-15
955,-9.992007221626409e-16
956,9.992007221626409e-16
957,-9.992007221626409e-16
958,-9.992007221626409e-16
959,8.881784197001252e-16
960,8.881784197001252e-16
961,-8.881784197001252e-16
962,7.771561172376096e-16
963,7.771561172376096e-16
964,-7.771561172376096e-16
965,-7.771561172376096e-16
966,6.661338147750939e-16
967,-7.771561172376096e-16
968,-6.661338147750939e-16
969,5.551115123125783e-16
970,6.661338147750939e-16
971,-5.551115123125783e-16
972,4.440892098500626e-16
973,4.440892098500626e-16
974,-5.551115123125783e-16
975,4.440892098500626e-16
976,4.440892098500626e-16
977,-4.440892098500626e-16
978,-3.3306690738754696e-16
979,3.3306690738754696e-16
980,-2.220446049250313e-16
981,-3.3306690738754696e-16
982,3.3306690738754696e-16
983,2.220446049250313e-16
984,-2.220446049250313e-16
985,2.220446049250313e-16
986,1.1102230246251565e-16
987,-1.1102230246251565e-16
988,0.0
989,0.0
990,0.0
991,0.0
992,0.0
993,1.1102230246251565e-16
994,1.1102230246251565e-16
995,-1.1102230246251565e-16
996,-1.1102230246251565e-16
997,2.220446049250313e-16
998,-2.220446049250313e-16
999,-3.3306690738754696e-16
1000,3.3306690738754696e-16
1001,3.3306690738754696e-16
1002,-3.3306690738754696e-16
1003,4.440892098500626e-16
1004,4.440892098500626e-16
1005,-4.440892098500626e-16
1006,-4.440892098500626e-16
1007,5.551115123125783e-16
1008,-4.440892098500626e-16
1009,-5.551115123125783e-16
1010,6.661338147750939e-16
1011,-5.551115123125783e-16
1012,-6.661338147750939e-16
1013,7.771561172376096e-16
1014,6.661338147750939e-16
1015,-7.771561172376096e-16
1016,7.771561172376096e-16
1017,7.771561172376096e-16
1018,-7.771561172376096e-16
1019,-7.771561172376096e-16
1020,8.881784197001252e-16
1021,-8.881784197001252e-16
1022,-8.881784197001252e-16
1023,9.992007221626409e-16
1024,-9.992007221626409e-16
1025,-9.992007221626409e-16
1026,1.1102230246251565e-15
1027,1.1102230246251565e-15
1028,-9.992007221626409e-16
1029,1.1102230246251565e-15
1030,1.1102230246251565e-15
1031,-1.1102230246251565e-15
1032,-1.1102230246251565e-15
1033,1.2212453270876722e-15
1034,-1.1102230246251565e-15
1035,-1.2212453270876722e-15
1036,1.3322676295501878e-15
1037,1.4432899320127035e-15
1038,-1.2212453270876722e-15
1039,1.4432899320127035e-15
1040,1.4432899320127035e-15
1041,-1.3322676295501878e-15
1042,1.5543122344752192e-15
1043,1.5543122344752192e-15
1044,-1.3322676295501878e-15
1045,-1.4432899320127035e-15
1046,1.5543122344752192e-15
1047,-1.4432899320127035e-15
1048,-1.4432899320127035e-15
1049,1.5543122344752192e-15
1050,1.5543122344752192e-15
1051,-1.5543122344752192e-15
1052,1.6653345369377348e-15
1053,1.6653345369377348e-15
1054,-1.5543122344752192e-15
1055,-1.5543122344752192e-15
1056,1.7208456881689926e-15
1057,-1.5543122344752192e-15
1058,-1.609823385706477e-15
1059,1.7208456881689926e-15
1060,-1.609823385706477e-15
1061,-1.6653345369377348e-15
1062,1.7763568394002505e-15
1063,1.7208456881689926e-15
1064,-1.6653345369377348e-15
1065,1.7763568394002505e-15
1066,1.7763568394002505e-15
1067,-1.6653345369377348e-15
1068,-1.6653345369377348e-15
1069,1.8041124150158794e-15
1070,-1.6653345369377348e-15
1071,-1.6930901125533637e-15
1072,1.8041124150158794e-15
1073,1.8318679906315083e-15
1074,-1.7069679003611782e-15
1075,1.8318679906315083e-15
1076,1.8318679906315083e-15
1077,-1.7139067942650854e-15
1078,1.8388068845354155e-15
1079,1.8388068845354155e-15
1080,-1.7151244994428827e-15
1081,-1.7139067942650854e-15
1082,1.8318679906315083e-15
1083,-1.7139067942650854e-15
1084,-1.7069679003611782e-15
1085,1.8318679906315083e-15
1086,1.8318679906315083e-15
1087,-1.7069679003611782e-15
1088,1.8041124150158794e-15
1089,1.8041124150158794e-15
1090,-1.6930901125533637e-15
1091,-1.6653345369377348e-15
1092,1.7763568394002505e-15
1093,-1.6653345369377348e-15
1094,-1.6653345369377348e-15
1095,1.7763568394002505e-15
1096,-1.6653345369377348e-15
1097,-1.6653345369377348e-15
1098,1.7208456881689926e-15
1099,1.7208456881689926e-15
1100,-1.609823385706477e-15
1101,1.7208456881689926e-15
1102,1.6653345369377348e-15
1103,-1.5543122344752192e-15
1104,-1.5543122344752192e-15
1105,1.6653345369377348e-15
1106,-1.5543122344752192e-15
1107,-1.5543122344752192e-15
1108,1.6653345369377348e-15
1109,1.609823385706477e-15
1110,-1.4988010832439613e-15
1111,1.5543122344752192e-15
1112,1.5543122344752192e-15
1113,-1.4432899320127035e-15
1114,1.5543122344752192e-15
1115,1.5543122344752192e-15
1116,-1.4432899320127035e-15
1117,-1.3322676295501878e-15
1118,1.4432899320127035e-15
1119,-1.3322676295501878e-15
1120,-1.3322676295501878e-15
1121,1.3322676295501878e-15
1122,1.3322676295501878e-15
1123,-1.2212453270876722e-15
1124,1.3322676295501878e-15
1125,1.2212453270876722e-15
1126,-1.1102230246251565e-15
1127,-1.1102230246251565e-15
1128,1.1102230246251565e-15
1129,-1.1102230246251565e-15
1130,-1.1102230246251565e-15
1131,1.2212453270876722e-15
1132,-1.1102230246251565e-15
1133,-9.992007221626409e-16
1134,1.1102230246251565e-15
1135,1.1102230246251565e-15
1136,-8.881784197001252e-16
1137,9.992007221626409e-16
1138,9.992007221626409e-16
1139,-9.992007221626409e-16
1140,-7.771561172376096e-16
1141,8.881784197001252e-16
1142,-7.771561172376096e-16
1143,-7.771561172376096e-16
1144,7.771561172376096e-16
1145,7.771561172376096e-16
1146,-6.661338147750939e-16
1147,6.661338147750939e-16
1148,6.661338147750939e-16
1149,-5.551115123125783e-16
1150,6.661338147750939e-16
1151,6.661338147750939e-16
1152,-5.551115123125783e-16
1153,-5.551115123125783e-16
1154,4.440892098500626e-16
1155,-4.440892098500626e-16
1156,-3.3306690738754696e-16
1157,4.440892098500626e-16
1158,3.3306690738754696e-16
1159,-3.3306690738754696e-16
1160,3.3306690738754696e-16
1161,3.3306690738754696e-16
1162,-2.220446049250313e-16
1163,-2.220446049250313e-16
1164,2.220446049250313e-16
1165,-2.220446049250313e-16
1166,-1.1102230246251565e-16
1167,1.1102230246251565e-16
1168,0.0
1169,-1.1102230246251565e-16
1170,0.0
1171,0.0
1172,0.0
1173,-1.1102230246251565e-16
1174,-1.1102230246251565e-16
1175,2.220446049250313e-16
1176,1.1102230246251565e-16
1177,-2.220446049250313e-16
1178,2.220446049250313e-16
1179,2.220446049250313e-16
1180,-3.3306690738754696e-16
1181,-4.440892098500626e-16
1182,3.3306690738754696e-16
1183,-3.3306690738754696e-16
1184,-4.440892098500626e-16
1185,4.440892098500626e-16
1186,-5.551115123125783e-16
1187,-5.551115123125783e-16
1188,5.551115123125783e-16
1189,5.551115123125783e-16
1190,-5.551115123125783e-16
1191,6.661338147750939e-16
1192,6.661338147750939e-16
1193,-6.661338147750939e-16
1194,-7.771561172376096e-16
1195,6.661338147750939e-16
1196,-7.771561172376096e-16
1197,-8.881784197001252e-16
1198,7.771561172376096e-16
1199,8.881784197001252e-16
1200,-8.881784197001252e-16
1201,8.881784197001252e-16
1202,8.881784197001252e-16
1203,-9.992007221626409e-16
1204,9.992007221626409e-16
1205,9.992007221626409e-16
1206,-9.992007221626409e-16
1207,-1.1102230246251565e-15
1208,9.992007221626409e-16
1209,-1.1102230246251565e-15
1210,-1.2212453270876722e-15
1211,1.1102230246251565e-15
1212,1.1102230246251565e-15
1213,-1.3322676295501878e-15
1214,1.1102230246251565e-15
1215,1.2212453270876722e-15
1216,-1.3322676295501878e-15
1217,1.2212453270876722e-15
1218,1.2212453270876722e-15
1219,-1.3322676295501878e-15
1220,-1.4432899320127035e-15
1221,1.2212453270876722e-15
1222,-1.4432899320127035e-15
1223,-1.4432899320127035e-15
1224,1.3322676295501878e-15
1225,1.3322676295501878e-15
1226,-1.5543122344752192e-15
1227,1.4432899320127035e-15
1228,1.4432899320127035e-15
1229,-1.5543122344752192e-15
1230,-1.5543122344752192e-15
1231,1.4988010832439613e-15
1232,-1.6653345369377348e-15
1233,-1.6653345369377348e-15
1234,1.5543122344752192e-15
1235,1.5543122344752192e-15
1236,-1.7208456881689926e-15
1237,1.5543122344752192e-15
1238,1.609823385706477e-15
1239,-1.7208456881689926e-15
1240,1.609823385706477e-15
1241,1.6653345369377348e-15
1242,-1.7208456881689926e-15
1243,-1.7763568394002505e-15
1244,1.6653345369377348e-15
1245,-1.7763568394002505e-15
1246,-1.7763568394002505e-15
1247,1.6653345369377348e-15
1248,1.6653345369377348e-15
1249,-1.8041124150158794e-15
1250,1.6930901125533637e-15
1251,1.6930901125533637e-15
1252,-1.8318679906315083e-15
1253,1.7069679003611782e-15
1254,1.7069679003611782e-15
1255,-1.8318679906315083e-15
1256,-1.8318679906315083e-15
1257,1.7069679003611782e-15
1258,-1.8388068845354155e-15
1259,-1.8388068845354155e-15
1260,1.7151244994428829e-15
1261,1.717376241217039e-15
1262,-1.8388068845354155e-15
1263,1.7139067942650854e-15
1264,1.7208456881689926e-15
1265,-1.8318679906315083e-15
1266,-1.8318679906315083e-15
1267,1.7069679003611782e-15
1268,-1.8318679906315083e-15
1269,-1.8318679906315083e-15
1270,1.6930901125533637e-15
1271,1.6930901125533637e-15
1272,-1.8041124150158794e-15
1273,1.6653345369377348e-15
1274,1.6653345369377348e-15
1275,-1.7763568394002505e-15
1276,1.6653345369377348e-15
1277,1.6653345369377348e-15
1278,-1.7208456881689926e-15
1279,-1.7208456881689926e-15
1280,1.609823385706477e-15
1281,-1.7208456881689926e-15
1282,-1.6653345369377348e-15
1283,1.5543122344752192e-15
1284,1.5543122344752192e-15
1285,-1.6653345369377348e-15
1286,1.5543122344752192e-15
1287,1.5543122344752192e-15
1288,-1.6653345369377348e-15
1289,1.4988010832439613e-15
1290,1.4988010832439613e-15
1291,-1.5543122344752192e-15
1292,-1.5543122344752192e-15
1293,1.4432899320127035e-15
1294,-1.5543122344752192e-15
1295,-1.5543122344752192e-15
1296,1.3322676295501878e-15
1297,1.3322676295501878e-15
1298,-1.4432899320127035e-15
1299,1.2212453270876722e-15
1300,1.3322676295501878e-15
1301,-1.3322676295501878e-15
1302,-1.4432899320127035e-15
1303,1.2212453270876722e-15
1304,-1.3322676295501878e-15
1305,-1.3322676295501878e-15
1306,1.1102230246251565e-15
1307,-1.3322676295501878e-15
1308,-1.2212453270876722e-15
1309,1.1102230246251565e-15
1310,1.1102230246251565e-15
1311,-1.1102230246251565e-15
1312,9.992007221626409e-16
1313,9.992007221626409e-16
1314,-9.992007221626409e-16
1315,-1.1102230246251565e-15
1316,9.992007221626409e-16
1317,-9.992007221626409e-16
1318,-9.992007221626409e-16
1319,8.881784197001252e-16
1320,8.881784197001252e-16
1321,-8.881784197001252e-16
1322,7.771561172376096e-16
1323,7.771561172376096e-16
1324,-7.771561172376096e-16
1325,6.661338147750939e-16
1326,6.661338147750939e-16
1327,-6.661338147750939e-16
1328,-6.661338147750939e-16
1329,6.661338147750939e-16
1330,-5.551115123125783e-16
1331,-5.551115123125783e-16
1332,5.551115123125783e-16
1333,5.551115123125783e-16
1334,-5.551115123125783e-16
1335,4.440892098500626e-16
1336,4.440892098500626e-16
1337,-3.3306690738754696e-16
1338,-3.3306690738754696e-16
1339,3.3306690738754696e-16
1340,-3.3306690738754696e-16
1341,-3.3306690738754696e-16
1342,2.220446049250313e-16
1343,-2.220446049250313e-16
1344,-2.220446049250313e-16
1345,2.220446049250313e-16
1346,1.1102230246251565e-16
1347,-1.1102230246251565e-16
1348,0.0
1349,1.1102230246251565e-16
1350,0.0
1351,0.0
1352,0.0
1353,1.1102230246251565e-16
1354,2.220446049250313e-16
1355,-2.220446049250313e-16
1356,-1.1102230246251565e-16
1357,2.220446049250313e-16
1358,-2.220446049250313e-16
1359,-2.220446049250313e-16
1360,3.3306690738754696e-16
1361,-3.3306690738754696e-16
1362,-3.3306690738754696e-16
1363,4.440892098500626e-16
1364,4.440892098500626e-16
1365,-4.440892098500626e-16
1366,4.440892098500626e-16
1367,5.551115123125783e-16
1368,-5.551115123125783e-16
1369,-5.551115123125783e-16
1370,6.661338147750939e-16
1371,-5.551115123125783e-16
1372,-6.661338147750939e-16
1373,6.661338147750939e-16
1374,7.771561172376096e-16
1375,-7.771561172376096e-16
1376,7.771561172376096e-16
1377,7.771561172376096e-16
1378,-7.771561172376096e-16
1379,8.881784197001252e-16
1380,9.992007221626409e-16
1381,-9.992007221626409e-16
1382,-8.881784197001252e-16
1383,9.992007221626409e-16
1384,-8.881784197001252e-16
1385,-8.881784197001252e-16
1386,1.1102230246251565e-15
1387,1.1102230246251565e-15
1388,-1.1102230246251565e-15
1389,1.2212453270876722e-15
1390,1.2212453270876722e-15
1391,-1.1102230246251565e-15
1392,-1.2212453270876722e-15
1393,1.2212453270876722e-15
1394,-1.1102230246251565e-15
1395,-1.2212453270876722e-15
1396,1.3322676295501878e-15
1397,-1.2212453270876722e-15
1398,-1.3322676295501878e-15
1399,1.3322676295501878e-15
1400,1.3322676295501878e-15
1401,-1.3322676295501878e-15
1402,1.4432899320127035e-15
1403,1.4432899320127035e-15
1404,-1.4432899320127035e-15
1405,-1.3322676295501878e-15
1406,1.5543122344752192e-15
1407,-1.4432899320127035e-15
1408,-1.4432899320127035e-15
1409,1.5543122344752192e-15
1410,1.5543122344752192e-15
1411,-1.4988010832439613e-15
1412,1.6653345369377348e-15
1413,1.609823385706477e-15
1414,-1.5543122344752192e-15
1415,1.6653345369377348e-15
1416,1.7208456881689926e-15
1417,-1.5543122344752192e-15
1418,-1.609823385706477e-15
1419,1.7208456881689926e-15
1420,-1.609823385706477e-15
1421,-1.6653345369377348e-15
1422,1.7208456881689926e-15
1423,1.7763568394002505e-15
1424,-1.6653345369377348e-15
1425,1.7763568394002505e-15
1426,1.7763568394002505e-15
1427,-1.6653345369377348e-15
1428,-1.6930901125533637e-15
1429,1.8041124150158794e-15
1430,-1.6930901125533637e-15
1431,-1.6930901125533637e-15
1432,1.8041124150158794e-15
1433,-1.7069679003611782e-15
1434,-1.7069679003611782e-15
1435,1.8318679906315083e-15
1436,1.8318679906315083e-15
1437,-1.7139067942650854e-15
1438,1.8318679906315083e-15
1439,1.835337437583462e-15
1440,-1.7151244994428829e-15
1441,-1.7139067942650854e-15
1442,1.8388068845354155e-15
1443,-1.7139067942650854e-15
1444,-1.7069679003611782e-15
1445,1.817990202823694e-15
1446,-1.7069679003611782e-15
1447,-1.6930901125533637e-15
1448,1.8041124150158794e-15
1449,1.8318679906315083e-15
1450,-1.6653345369377348e-15
1451,1.8041124150158794e-15
1452,1.8041124150158794e-15
1453,-1.6653345369377348e-15
1454,-1.6653345369377348e-15
1455,1.7763568394002505e-15
1456,-1.6653345369377348e-15
1457,-1.6653345369377348e-15
1458,1.7763568394002505e-15
1459,1.7208456881689926e-15
1460,-1.609823385706477e-15
1461,1.7208456881689926e-15
1462,1.6653345369377348e-15
1463,-1.5543122344752192e-15
1464,-1.5543122344752192e-15
1465,1.6653345369377348e-15
1466,-1.5543122344752192e-15
1467,-1.5543122344752192e-15
1468,1.6653345369377348e-15
1469,-1.5543122344752192e-15
1470,-1.4988010832439613e-15
1471,1.5543122344752192e-15
1472,1.5543122344752192e-15
1473,-1.4432899320127035e-15
1474,1.5543122344752192e-15
1475,1.5543122344752192e-15
1476,-1.3322676295501878e-15
1477,-1.3322676295501878e-15
1478,1.5543122344752192e-15
1479,-1.3322676295501878e-15
1480,-1.3322676295501878e-15
1481,1.4432899320127035e-15
1482,-1.2212453270876722e-15
1483,-1.2212453270876722e-15
1484,1.3322676295501878e-15
1485,1.3322676295501878e-15
1486,-1.1102230246251565e-15
1487,1.2212453270876722e-15
1488,1.2212453270876722e-15
1489,-1.1102230246251565e-15
1490,-1.1102230246251565e-15
1491,1.1102230246251565e-15
1492,-9.992007221626409e-16
1493,-9.992007221626409e-16
1494,1.1102230246251565e-15
1495,9.992007221626409e-16
1496,-9.992007221626409e-16
1497,9.992007221626409e-16
1498,9.992007221626409e-16
1499,-8.881784197001252e-16
1500,-8.881784197001252e-16
1501,8.881784197001252e-16
1502,-7.771561172376096e-16
1503,-7.771561172376096e-16
1504,7.771561172376096e-16
1505,-7.771561172376096e-16
1506,-7.771561172376096e-16
1507,7.771561172376096e-16
1508,6.661338147750939e-16
1509,-5.551115123125783e-16
1510,6.661338147750939e-16
1511,6.661338147750939e-16
1512,-4.440892098500626e-16
1513,-4.440892098500626e-16
1514,5.551115123125783e-16
1515,-4.440892098500626e-16
1516,-4.440892098500626e-16
1517,4.440892098500626e-16
1518,-3.3306690738754696e-16
1519,-3.3306690738754696e-16
1520,3.3306690738754696e-16
1521,2.220446049250313e-16
1522,-2.220446049250313e-16
1523,2.220446049250313e-16
1524,2.220446049250313e-16
1525,-1.1102230246251565e-16
1526,-1.1102230246251565e-16
1527,1.1102230246251565e-16
1528,0.0
1529,-1.1102230246251565e-16
1530,0.0
1531,0.0
1532,0.0
1533,-1.1102230246251565e-16
1534,-2.220446049250313e-16
1535,2.220446049250313e-16
1536,-2.220446049250313e-16
1537,-2.220446049250313e-16
1538,3.3306690738754696e-16
1539,2.220446049250313e-16
1540,-2.220446049250313e-16
1541,3.3306690738754696e-16
1542,4.440892098500626e-16
1543,-4.440892098500626e-16
1544,-4.440892098500626e-16
1545,4.440892098500626e-16
1546,-5.551115123125783e-16
1547,-5.551115123125783e-16
1548,4.440892098500626e-16
1549,5.551115123125783e-16
1550,-5.551115123125783e-16
1551,5.551115123125783e-16
1552,6.661338147750939e-16
1553,-7.771561172376096e-16
1554,6.661338147750939e-16
1555,6.661338147750939e-16
1556,-7.771561172376096e-16
1557,-8.881784197001252e-16
1558,7.771561172376096e-16
1559,-8.881784197001252e-16
1560,-8.881784197001252e-16
1561,8.881784197001252e-16
1562,8.881784197001252e-16
1563,-9.992007221626409e-16
1564,9.992007221626409e-16
1565,9.992007221626409e-16
1566,-1.1102230246251565e-15
1567,-1.1102230246251565e-15
1568,1.1102230246251565e-15
1569,-1.1102230246251565e-15
1570,-1.1102230246251565e-15
1571,1.1102230246251565e-15
1572,-1.2212453270876722e-15
1573,-1.2212453270876722e-15
1574,1.2212453270876722e-15
1575,1.2212453270876722e-15
1576,-1.3322676295501878e-15
1577,1.2212453270876722e-15
1578,1.3322676295501878e-15
1579,-1.3322676295501878e-15
1580,-1.3322676295501878e-15
1581,1.3322676295501878e-15
1582,-1.4432899320127035e-15
1583,-1.4432899320127035e-15
1584,1.4432899320127035e-15
1585,1.3322676295501878e-15
1586,-1.5543122344752192e-15
1587,1.4432899320127035e-15
1588,1.4432899320127035e-15
1589,-1.5543122344752192e-15
1590,1.4988010832439613e-15
1591,1.4988010832439613e-15
1592,-1.6653345369377348e-15
1593,-1.609823385706477e-15
1594,1.5543122344752192e-15
1595,-1.6653345369377348e-15
1596,-1.7208456881689926e-15
1597,1.5543122344752192e-15
1598,1.609823385706477e-15
1599,-1.6653345369377348e-15
1600,1.609823385706477e-15
1601,1.609823385706477e-15
1602,-1.7208456881689926e-15
1603,-1.7763568394002505e-15
1604,1.6653345369377348e-15
1605,-1.7763568394002505e-15
1606,-1.8041124150158794e-15
1607,1.6930901125533637e-15
1608,-1.8041124150158794e-15
1609,-1.8041124150158794e-15
1610,1.6653345369377348e-15
1611,1.6930901125533637e-15
1612,-1.8318679906315083e-15
1613,1.7069679003611782e-15
1614,1.7069679003611782e-15
1615,-1.8318679906315083e-15
1616,-1.8318679906315083e-15
1617,1.7139067942650854e-15
1618,-1.8388068845354155e-15
1619,-1.8388068845354155e-15
1620,1.7151244994428829e-15
1621,1.7139067942650854e-15
1622,-1.8318679906315083e-15
1623,1.7139067942650854e-15
1624,1.7069679003611782e-15
1625,-1.8318679906315083e-15
1626,1.7069679003611782e-15
1627,1.7069679003611782e-15
1628,-1.8041124150158794e-15
1629,-1.8041124150158794e-15
1630,1.6930901125533637e-15
1631,-1.8041124150158794e-15
1632,-1.7763568394002505e-15
1633,1.6653345369377348e-15
1634,1.6653345369377348e-15
1635,-1.7763568394002505e-15
1636,1.6653345369377348e-15
1637,1.6653345369377348e-15
1638,-1.7763568394002505e-15
1639,-1.7208456881689926e-15
1640,1.609823385706477e-15
1641,-1.7208456881689926e-15
1642,-1.6653345369377348e-15
1643,1.5543122344752192e-15
1644,-1.7208456881689926e-15
1645,-1.6653345369377348e-15
1646,1.5543122344752192e-15
1647,1.5543122344752192e-15
1648,-1.6653345369377348e-15
1649,1.5543122344752192e-15
1650,1.4988010832439613e-15
1651,-1.5543122344752192e-15
1652,-1.5543122344752192e-15
1653,1.4432899320127035e-15
1654,-1.5543122344752192e-15
1655,-1.5543122344752192e-15
1656,1.3322676295501878e-15
1657,1.4432899320127035e-15
1658,-1.4432899320127035e-15
1659,1.3322676295501878e-15
1660,1.3322676295501878e-15
1661,-1.4432899320127035e-15
1662,1.3322676295501878e-15
1663,1.3322676295501878e-15
1664,-1.3322676295501878e-15
1665,-1.3322676295501878e-15
1666,1.2212453270876722e-15
1667,-1.2212453270876722e-15
1668,-1.2212453270876722e-15
1669,1.1102230246251565e-15
1670,1.1102230246251565e-15
1671,-1.2212453270876722e-15
1672,1.1102230246251565e-15
1673,1.1102230246251565e-15
1674,-1.1102230246251565e-15
1675,-1.1102230246251565e-15
1676,8.881784197001252e-16
1677,-9.992007221626409e-16
1678,-8.881784197001252e-16
1679,8.881784197001252e-16
1680,-8.881784197001252e-16
1681,-8.881784197001252e-16
1682,7.771561172376096e-16
1683,7.771561172376096e-16
1684,-7.771561172376096e-16
1685,6.661338147750939e-16
1686,6.661338147750939e-16
1687,-6.661338147750939e-16
1688,-7.771561172376096e-16
1689,6.661338147750939e-16
1690,-6.661338147750939e-16
1691,-5.551115123125783e-16
1692,5.551115123125783e-16
1693,4.440892098500626e-16
1694,-4.440892098500626e-16
1695,4.440892098500626e-16
1696,3.3306690738754696e-16
1697,-4.440892098500626e-16
1698,4.440892098500626e-16
1699,3.3306690738754696e-16
1700,-3.3306690738754696e-16
1701,-2.220446049250313e-16
1702,2.220446049250313e-16
1703,-2.220446049250313e-16
1704,-1.1102230246251565e-16
1705,1.1102230246251565e-16
1706,1.1102230246251565e-16
1707,-1.1102230246251565e-16
1708,1.1102230246251565e-16
1709,1.1102230246251565e-16
1710,0.0
1711,0.0
1712,0.0
1713,1.1102230246251565e-16
1714,1.1102230246251565e-16
1715,-1.1102230246251565e-16
1716,2.220446049250313e-16
1717,2.220446049250313e-16
1718,-2.220446049250313e-16
1719,-3.3306690738754696e-16
1720,3.3306690738754696e-16
1721,-3.3306690738754696e-16
1722,-3.3306690738754696e-16
1723,4.440892098500626e-16
1724,4.440892098500626e-16
1725,-4.440892098500626e-16
1726,5.551115123125783e-16
1727,5.551115123125783e-16
1728,-5.551115123125783e-16
1729,-5.551115123125783e-16
1730,6.661338147750939e-16
1731,-6.661338147750939e-16
1732,-5.551115123125783e-16
1733,6.661338147750939e-16
1734,-6.661338147750939e-16
1735,-7.771561172376096e-16
1736,8.881784197001252e-16
1737,7.771561172376096e-16
1738,-7.771561172376096e-16
1739,8.881784197001252e-16
1740,9.992007221626409e-16
1741,-8.881784197001252e-16
1742,-8.881784197001252e-16
1743,9.992007221626409e-16
1744,9.992007221626409e-16
1745,-9.992007221626409e-16
1746,-9.992007221626409e-16
1747,1.1102230246251565e-15
1748,-9.992007221626409e-16
1749,-1.1102230246251565e-15
1750,1.2212453270876722e-15
1751,-1.2212453270876722e-15
1752,-1.2212453270876722e-15
1753,1.2212453270876722e-15
1754,-1.2212453270876722e-15
1755,1.3322676295501878e-15
1756,1.3322676295501878e-15
1757,-1.3322676295501878e-15
1758,1.3322676295501878e-15
1759,1.3322676295501878e-15
1760,-1.3322676295501878e-15
1761,1.4432899320127035e-15
1762,1.4432899320127035e-15
1763,-1.3322676295501878e-15
1764,1.4432899320127035e-15
1765,-1.3322676295501878e-15
1766,-1.4432899320127035e-15
1767,1.5543122344752192e-15
1768,-1.4432899320127035e-15
1769,-1.4432899320127035e-15
1770,1.5543122344752192e-15
1771,-1.4988010832439613e-15
1772,-1.4988010832439613e-15
1773,1.609823385706477e-15
1774,-1.5543122344752192e-15
1775,-1.5543122344752192e-15
1776,1.7208456881689926e-15
1777,-1.5543122344752192e-15
1778,1.7208456881689926e-15
1779,1.6653345369377348e-15
1780,-1.609823385706477e-15
1781,1.7208456881689926e-15
1782,1.7208456881689926e-15
1783,-1.609823385706477e-15
1784,1.7763568394002505e-15
1785,1.7763568394002505e-15
1786,-1.6653345369377348e-15
1787,1.7763568394002505e-15
1788,1.8041124150158794e-15
1789,-1.6930901125533637e-15
1790,1.8041124150158794e-15
1791,-1.6930901125533637e-15
1792,-1.6930901125533637e-15
1793,1.8318679906315083e-15
1794,-1.7069679003611782e-15
1795,-1.7069679003611782e-15
1796,1.8318679906315083e-15
1797,-1.7139067942650854e-15
1798,-1.7139067942650854e-15
1799,1.8388068845354155e-15
1800,-1.7151244994428829e-15
1801,-1.7139067942650854e-15
1802,1.8388068845354155e-15
1803,-1.7139067942650854e-15
1804,1.8318679906315083e-15
1805,1.8318679906315083e-15
1806,-1.7069679003611782e-15
1807,1.817990202823694e-15
1808,1.8318679906315083e-15
1809,-1.6930901125533637e-15
1810,1.8041124150158794e-15
1811,1.8041124150158794e-15
1812,-1.6930901125533637e-15
1813,1.8041124150158794e-15
1814,-1.6653345369377348e-15
1815,-1.6653345369377348e-15
1816,1.7763568394002505e-15
1817,-1.6653345369377348e-15
1818,-1.609823385706477e-15
1819,1.7208456881689926e-15
1820,-1.609823385706477e-15
1821,-1.609823385706477e-15
1822,1.7208456881689926e-15
1823,-1.609823385706477e-15
1824,-1.5543122344752192e-15
1825,1.6653345369377348e-15
1826,-1.5543122344752192e-15
1827,1.6653345369377348e-15
1828,1.6653345369377348e-15
1829,-1.5543122344752192e-15
1830,1.5543122344752192e-15
1831,1.5543122344752192e-15
1832,-1.4432899320127035e-15
1833,1.5543122344752192e-15
1834,-1.3322676295501878e-15
1835,-1.4432899320127035e-15
1836,4.440892098500626e-15
1837,-1.4432899320127035e-15
1838,-1.3322676295501878e-15
1839,4.218847493575595e-15
1840,-1.2212453270876722e-15
1841,-1.3322676295501878e-15
1842,3.9968028886505635e-15
1843,-1.2212453270876722e-15
1844,-1.2212453270876722e-15
1845,-1.1102230246251565e-15
1846,-1.1102230246251565e-15
1847,-1.1102230246251565e-15
1848,-1.2212453270876722e-15
1849,-1.1102230246251565e-15
1850,3.4416913763379853e-15
1851,-1.1102230246251565e-15
1852,-9.992007221626409e-16
1853,3.219646771412954e-15
1854,-9.992007221626409e-16
1855,-9.992007221626409e-16
1856,2.9976021664879227e-15
1857,-9.992007221626409e-16
1858,-8.881784197001252e-16
1859,2.7755575615628914e-15
1860,-8.881784197001252e-16
1861,-7.771561172376096e-16
1862,2.55351295663786e-15
1863,-7.771561172376096e-16
1864,-7.771561172376096e-16
1865,2.3314683517128287e-15
1866,-7.771561172376096e-16
1867,-6.661338147750939e-16
1868,-6.661338147750939e-16
1869,-6.661338147750939e-16
1870,-6.661338147750939e-16
1871,-5.551115123125783e-16
1872,-5.551115123125783e-16
1873,-4.440892098500626e-16
1874,-4.440892098500626e-16
1875,-4.440892098500626e-16
1876,1.3322676295501878e-15
1877,-4.440892098500626e-16
1878,-3.3306690738754696e-16
1879,9.992007221626409e-16
1880,-3.3306690738754696e-16
1881,-2.220446049250313e-16
1882,7.771561172376096e-16
1883,-2.220446049250313e-16
1884,-2.220446049250313e-16
1885,4.440892098500626e-16
1886,-1.1102230246251565e-16
1887,-1.1102230246251565e-16
1888,2.220446049250313e-16
1889,-1.1102230246251565e-16
1890,0.0
1891,-1.1102230246251565e-16
1892,0.0
1893,1.1102230246251565e-16
1894,1.1102230246251565e-16
1895,1.1102230246251565e-16
1896,1.1102230246251565e-16
1897,2.220446049250313e-16
1898,2.220446049250313e-16
1899,-7.771561172376096e-16
1900,2.220446049250313e-16
1901,3.3306690738754696e-16
1902,-1.2212453270876722e-15
1903,4.440892098500626e-16
1904,4.440892098500626e-16
1905,-1.4432899320127035e-15
1906,4.440892098500626e-16
1907,5.551115123125783e-16
1908,-1.6653345369377348e-15
1909,5.551115123125783e-16
1910,5.551115123125783e-16
1911,-1.887379141862766e-15
1912,6.661338147750939e-16
1913,6.661338147750939e-16
1914,-2.220446049250313e-15
1915,6.661338147750939e-16
1916,7.771561172376096e-16
1917,7.771561172376096e-16
1918,7.771561172376096e-16
1919,7.771561172376096e-16
1920,8.881784197001252e-16
1921,8.881784197001252e-16
1922,-2.886579864025407e-15
1923,8.881784197001252e-16
1924,8.881784197001252e-16
1925,-3.1086244689504383e-15
1926,9.992007221626409e-16
1927,1.1102230246251565e-15
1928,-3.3306690738754696e-15
1929,1.1102230246251565e-15
1930,1.1102230246251565e-15
1931,-3.552713678800501e-15
1932,1.1102230246251565e-15
1933,1.2212453270876722e-15
1934,-3.774758283725532e-15
1935,1.1102230246251565e-15
1936,1.2212453270876722e-15
1937,-3.9968028886505635e-15
1938,1.3322676295501878e-15
1939,1.2212453270876722e-15
1940,1.3322676295501878e-15
1941,1.3322676295501878e-15
1942,1.3322676295501878e-15
1943,1.3322676295501878e-15
1944,1.4432899320127035e-15
1945,1.4432899320127035e-15
1946,1.3322676295501878e-15
1947,1.4432899320127035e-15
1948,-4.6629367034256575e-15
1949,1.4432899320127035e-15
1950,1.4988010832439613e-15
1951,-4.718447854656915e-15
1952,1.5543122344752192e-15
1953,1.5543122344752192e-15
1954,-4.884981308350689e-15
1955,1.5543122344752192e-15
1956,1.5543122344752192e-15
1957,-4.9960036108132044e-15
1958,1.609823385706477e-15
1959,1.609823385706477e-15
1960,-5.051514762044462e-15
1961,1.609823385706477e-15
1962,1.609823385706477e-15
1963,-5.162537064506978e-15
1964,1.609823385706477e-15
1965,1.6653345369377348e-15
1966,1.6653345369377348e-15
1967,1.6653345369377348e-15
1968,1.6930901125533637e-15
1969,1.6930901125533637e-15
1970,1.6930901125533637e-15
1971,-5.329070518200751e-15
1972,1.7208456881689926e-15
1973,1.7069679003611782e-15
1974,-5.35682609381638e-15
1975,1.7069679003611782e-15
1976,1.7208456881689926e-15
1977,-5.377642775528102e-15
1978,1.7139067942650854e-15
1979,1.717376241217039e-15
1980,-5.390302858158119e-15
1981,1.7139067942650854e-15
1982,1.7139067942650854e-15
1983,-5.377642775528102e-15
1984,1.7069679003611782e-15
1985,1.7069679003611782e-15
1986,-5.35682609381638e-15
1987,1.7069679003611782e-15
1988,1.7208456881689926e-15
1989,1.6930901125533637e-15
1990,1.6653345369377348e-15
1991,1.6653345369377348e-15
1992,1.6653345369377348e-15
1993,1.6653345369377348e-15
1994,1.6653345369377348e-15
1995,1.6653345369377348e-15
1996,1.609823385706477e-15
1997,-5.162537064506978e-15
1998,1.609823385706477e-15
1999,1.609823385706477e-15
2000,-5.051514762044462e-15
2001,1.609823385706477e-15
2002,1.609823385706477e-15
2003,-4.9404924595819466e-15
2004,1.5543122344752192e-15
2005,1.5543122344752192e-15
2006,-4.829470157119431e-15
2007,1.4988010832439613e-15
2008,1.4988010832439613e-15
2009,-4.718447854656915e-15
2010,1.4988010832439613e-15
2011,1.5543122344752192e-15
2012,1.4432899320127035e-15
2013,1.4432899320127035e-15
2014,1.4432899320127035e-15
2015,1.4432899320127035e-15
2016,1.3322676295501878e-15
2017,1.3322676295501878e-15
2018,1.3322676295501878e-15
2019,1.3322676295501878e-15
2020,-4.107825191113079e-15
2021,1.3322676295501878e-15
2022,1.3322676295501878e-15
2023,-3.885780586188048e-15
2024,1.2212453270876722e-15
2025,1.2212453270876722e-15
2026,-3.774758283725532e-15
2027,1.1102230246251565e-15
2028,1.1102230246251565e-15
2029,-3.552713678800501e-15
2030,9.992007221626409e-16
2031,1.1102230246251565e-15
2032,-3.3306690738754696e-15
2033,9.992007221626409e-16
2034,9.992007221626409e-16
2035,-3.1086244689504383e-15
2036,8.881784197001252e-16
2037,9.992007221626409e-16
2038,8.881784197001252e-16
2039,8.881784197001252e-16
2040,8.881784197001252e-16
2041,8.881784197001252e-16
2042,7.771561172376096e-16
2043,-2.4424906541753444e-15
2044,7.771561172376096e-16
2045,6.661338147750939e-16
2046,-2.220446049250313e-15
2047,6.661338147750939e-16
2048,6.661338147750939e-16
2049,-1.887379141862766e-15
2050,5.551115123125783e-16
2051,5.551115123125783e-16
2052,-1.6653345369377348e-15
2053,4.440892098500626e-16
2054,4.440892098500626e-16
2055,-1.3322676295501878e-15
2056,4.440892098500626e-16
2057,4.440892098500626e-16
2058,-1.1102230246251565e-15
2059,3.3306690738754696e-16
2060,3.3306690738754696e-16
2061,2.220446049250313e-16
2062,2.220446049250313e-16
2063,2.220446049250313e-16
2064,1.1102230246251565e-16
2065,1.1102230246251565e-16
2066,1.1102230246251565e-16
2067,1.1102230246251565e-16
2068,1.1102230246251565e-16
2069,-1.1102230246251565e-16
2070,0.0
2071,0.0
2072,2.220446049250313e-16
2073,-1.1102230246251565e-16
2074,-1.1102230246251565e-16
2075,5.551115123125783e-16
2076,-2.220446049250313e-16
2077,-2.220446049250313e-16
2078,6.661338147750939e-16
2079,-3.3306690738754696e-16
2080,-3.3306690738754696e-16
2081,1.1102230246251565e-15
2082,-3.3306690738754696e-16
2083,-4.440892098500626e-16
2084,1.2212453270876722e-15
2085,-4.440892098500626e-16
2086,-4.440892098500626e-16
2087,-5.551115123125783e-16
2088,-4.440892098500626e-16
2089,-5.551115123125783e-16
2090,-6.661338147750939e-16
2091,-6.661338147750939e-16
2092,1.9984014443252818e-15
2093,-6.661338147750939e-16
2094,-6.661338147750939e-16
2095,2.3314683517128287e-15
2096,-7.771561172376096e-16
2097,-7.771561172376096e-16
2098,2.55351295663786e-15
2099,-7.771561172376096e-16
2100,-8.881784197001252e-16
2101,2.7755575615628914e-15
2102,-9.992007221626409e-16
2103,-9.992007221626409e-16
2104,2.9976021664879227e-15
2105,-9.992007221626409e-16
2106,-9.992007221626409e-16
2107,3.219646771412954e-15
2108,-1.1102230246251565e-15
2109,-1.1102230246251565e-15
2110,-1.1102230246251565e-15
2111,-1.1102230246251565e-15
2112,-1.1102230246251565e-15
2113,-1.2212453270876722e-15
2114,-1.1102230246251565e-15
2115,3.774758283725532e-15
2116,-1.2212453270876722e-15
2117,-1.2212453270876722e-15
2118,3.9968028886505635e-15
2119,-1.2212453270876722e-15
2120,-1.3322676295501878e-15
2121,4.218847493575595e-15
2122,-1.3322676295501878e-15
2123,-1.4432899320127035e-15
2124,4.440892098500626e-15
2125,-1.4432899320127035e-15
2126,-1.4432899320127035e-15
2127,4.551914400963142e-15
2128,-1.5543122344752192e-15
2129,-1.5543122344752192e-15
2130,4.6629367034256575e-15
2131,-1.4988010832439613e-15
2132,-1.4988010832439613e-15
2133,-1.5543122344752192e-15
2134,-1.5543122344752192e-15
2135,-1.5543122344752192e-15
2136,-1.5543122344752192e-15
2137,-1.5543122344752192e-15
2138,-1.609823385706477e-15
2139,-1.5543122344752192e-15
2140,-1.609823385706477e-15
2141,5.051514762044462e-15
2142,-1.609823385706477e-15
2143,-1.609823385706477e-15
2144,5.162537064506978e-15
2145,-1.6653345369377348e-15
2146,-1.6653345369377348e-15
2147,5.245803791353865e-15
2148,-1.6653345369377348e-15
2149,-1.6930901125533637e-15
2150,5.329070518200751e-15
2151,-1.6930901125533637e-15
2152,-1.6930901125533637e-15
2153,5.342948306008566e-15
2154,-1.6930901125533637e-15
2155,-1.7069679003611782e-15
2156,5.384581669432009e-15
2157,-1.7139067942650854e-15
2158,-1.7139067942650854e-15
2159,-1.717376241217039e-15
2160,-1.7151244994428827e-15
2161,-1.7139067942650854e-15
2162,-1.7139067942650854e-15
2163,-1.7069679003611782e-15
2164,5.384581669432009e-15
2165,-1.7069679003611782e-15
2166,-1.7069679003611782e-15
2167,5.35682609381638e-15
2168,-1.6930901125533637e-15
2169,-1.6930901125533637e-15
2170,5.3013149425851225e-15
2171,-1.6653345369377348e-15
2172,-1.6930901125533637e-15
2173,5.245803791353865e-15
2174,-1.6375789613221059e-15
2175,-1.6653345369377348e-15
2176,5.162537064506978e-15
2177,-1.609823385706477e-15
2178,-1.609823385706477e-15
2179,5.051514762044462e-15
2180,-1.609823385706477e-15
2181,-1.609823385706477e-15
2182,-1.5543122344752192e-15
2183,-1.609823385706477e-15
2184,-1.5543122344752192e-15
2185,-1.5543122344752192e-15
2186,-1.5543122344752192e-15
2187,4.829470157119431e-15
2188,-1.5543122344752192e-15
2189,-1.4988010832439613e-15
2190,4.6074255521944e-15
2191,-1.4432899320127035e-15
2192,-1.4432899320127035e-15
2193,4.440892098500626e-15
2194,-1.4432899320127035e-15
2195,-1.4432899320127035e-15
2196,4.3298697960381105e-15
2197,-1.3322676295501878e-15
2198,-1.3322676295501878e-15
2199,4.218847493575595e-15
2200,-1.3322676295501878e-15
2201,-1.3322676295501878e-15
2202,3.9968028886505635e-15
2203,-1.2212453270876722e-15
2204,-1.2212453270876722e-15
2205,-1.2212453270876722e-15
2206,-1.1102230246251565e-15
2207,-1.2212453270876722e-15
2208,-1.2212453270876722e-15
2209,-1.2212453270876722e-15
2210,-1.1102230246251565e-15
2211,-1.1102230246251565e-15
2212,-1.1102230246251565e-15
2213,3.219646771412954e-15
2214,-1.1102230246251565e-15
2215,-9.992007221626409e-16
2216,2.9976021664879227e-15
2217,-8.881784197001252e-16
2218,-8.881784197001252e-16
2219,2.7755575615628914e-15
2220,-8.881784197001252e-16
2221,-8.881784197001252e-16
2222,2.55351295663786e-15
2223,-7.771561172376096e-16
2224,-7.771561172376096e-16
2225,2.3314683517128287e-15
2226,-6.661338147750939e-16
2227,-6.661338147750939e-16
2228,1.9984014443252818e-15
2229,-6.661338147750939e-16
2230,-5.551115123125783e-16
2231,-5.551115123125783e-16
2232,-5.551115123125783e-16
2233,-4.440892098500626e-16
2234,-4.440892098500626e-16
2235,-4.440892098500626e-16
2236,1.3322676295501878e-15
2237,-3.3306690738754696e-16
2238,-3.3306690738754696e-16
2239,9.992007221626409e-16
2240,-3.3306690738754696e-16
2241,-2.220446049250313e-16
2242,7.771561172376096e-16
2243,-2.220446049250313e-16
2244,-2.220446049250313e-16
2245,5.551115123125783e-16
2246,-1.1102230246251565e-16
2247,-1.1102230246251565e-16
2248,1.1102230246251565e-16
2249,-1.1102230246251565e-16
2250,0.0
2251,-1.1102230246251565e-16
2252,0.0
2253,1.1102230246251565e-16
2254,1.1102230246251565e-16
2255,1.1102230246251565e-16
2256,2.220446049250313e-16
2257,2.220446049250313e-16
2258,2.220446049250313e-16
2259,2.220446049250313e-16
